[gd_scene load_steps=62 format=3 uid="uid://cfdgb6gsla2x8"]

[ext_resource type="PackedScene" uid="uid://qbmx03iibuuu" path="res://addons/godot-xr-tools/staging/scene_base.tscn" id="1_knv61"]
[ext_resource type="Script" path="res://scripts/start_zone.gd" id="2_3k3ub"]
[ext_resource type="PackedScene" uid="uid://b8hc2ex21u8xj" path="res://addons/godot-xr-tools/hands/scenes/lowpoly/left_physics_fullglove_low.tscn" id="2_k42fc"]
[ext_resource type="PackedScene" uid="uid://clujaf3u776a3" path="res://addons/godot-xr-tools/objects/viewport_2d_in_3d.tscn" id="3_q1isi"]
[ext_resource type="PackedScene" uid="uid://bvupqtvx1tdg5" path="res://scenes/gui/watchgui.tscn" id="4_odm27"]
[ext_resource type="PackedScene" uid="uid://bl2nuu3qhlb5k" path="res://addons/godot-xr-tools/functions/movement_direct.tscn" id="5_2rbyc"]
[ext_resource type="PackedScene" uid="uid://b4ysuy43poobf" path="res://addons/godot-xr-tools/functions/function_pickup.tscn" id="6_55tu6"]
[ext_resource type="PackedScene" uid="uid://bkdeegb8w3oah" path="res://addons/godot-xr-tools/hands/scenes/lowpoly/right_physics_fullglove_low.tscn" id="7_fya8s"]
[ext_resource type="PackedScene" uid="uid://bjcxf427un2wp" path="res://addons/godot-xr-tools/player/poke/poke.tscn" id="8_l4i4i"]
[ext_resource type="PackedScene" uid="uid://b6bk2pj8vbj28" path="res://addons/godot-xr-tools/functions/movement_turn.tscn" id="8_mf4j1"]
[ext_resource type="PackedScene" uid="uid://cqhw276realc" path="res://addons/godot-xr-tools/functions/function_pointer.tscn" id="9_acua8"]
[ext_resource type="PackedScene" uid="uid://diyu06cw06syv" path="res://addons/godot-xr-tools/player/player_body.tscn" id="10_6b5ry"]
[ext_resource type="PackedScene" uid="uid://chcuj3jysipk8" path="res://addons/godot-xr-tools/functions/movement_jog.tscn" id="12_t8loh"]
[ext_resource type="Texture2D" uid="uid://tgsw361qtcog" path="res://addons/kenney_prototype_textures/dark/texture_01.png" id="13_df6id"]
[ext_resource type="PackedScene" uid="uid://bs2jm62cmkbrk" path="res://addons/instant-realistic-light/light_scene.tscn" id="14_8tyg2"]
[ext_resource type="PackedScene" uid="uid://ckgskydio1veg" path="res://scenes/gui/testgui.tscn" id="15_q4b48"]
[ext_resource type="PackedScene" uid="uid://c8l60rnugru40" path="res://addons/godot-xr-tools/objects/pickable.tscn" id="16_60y2q"]
[ext_resource type="Texture2D" uid="uid://dq816vrvijhtp" path="res://addons/kenney_prototype_textures/orange/texture_06.png" id="17_5li2o"]
[ext_resource type="PackedScene" uid="uid://da2qgxxwwitl6" path="res://addons/godot-xr-tools/objects/highlight/highlight_ring.tscn" id="18_u2bav"]
[ext_resource type="PackedScene" uid="uid://c25yxb0vt53vc" path="res://addons/godot-xr-tools/objects/grab_points/grab_point_hand_left.tscn" id="19_plwii"]
[ext_resource type="Animation" uid="uid://cnng6xumhw7cx" path="res://addons/godot-xr-tools/hands/animations/left/Rounded.res" id="20_ki166"]
[ext_resource type="Script" path="res://addons/godot-xr-tools/hands/poses/hand_pose_settings.gd" id="21_5hlym"]
[ext_resource type="PackedScene" uid="uid://ctw7nbntd5pcj" path="res://addons/godot-xr-tools/objects/grab_points/grab_point_hand_right.tscn" id="22_ef1ph"]
[ext_resource type="Animation" uid="uid://wcwa3p1qrhwr" path="res://addons/godot-xr-tools/hands/animations/right/Rounded.res" id="23_rsoa4"]
[ext_resource type="Script" path="res://addons/godot-xr-tools/objects/pickable.gd" id="24_biau2"]
[ext_resource type="Script" path="res://addons/godot-xr-tools/objects/grab_points/grab_point_hand.gd" id="25_8ehsr"]
[ext_resource type="Animation" uid="uid://plad1r85f7ws" path="res://addons/godot-xr-tools/hands/animations/left/Grip.res" id="26_35s1p"]
[ext_resource type="Animation" uid="uid://ccds2u22gbxn7" path="res://addons/godot-xr-tools/hands/animations/right/Grip.res" id="27_kx3is"]

[sub_resource type="CylinderMesh" id="CylinderMesh_kedmn"]
top_radius = 0.05
bottom_radius = 0.05
height = 0.05

[sub_resource type="AnimationNodeAnimation" id="AnimationNodeAnimation_lsx0w"]
animation = &"Grip"

[sub_resource type="AnimationNodeAnimation" id="AnimationNodeAnimation_h6v6h"]
animation = &"Grip"

[sub_resource type="AnimationNodeBlend2" id="AnimationNodeBlend2_3mga8"]
filter_enabled = true
filters = ["Armature/Skeleton3D:Little_Distal_L", "Armature/Skeleton3D:Little_Intermediate_L", "Armature/Skeleton3D:Little_Metacarpal_L", "Armature/Skeleton3D:Little_Proximal_L", "Armature/Skeleton3D:Middle_Distal_L", "Armature/Skeleton3D:Middle_Intermediate_L", "Armature/Skeleton3D:Middle_Metacarpal_L", "Armature/Skeleton3D:Middle_Proximal_L", "Armature/Skeleton3D:Ring_Distal_L", "Armature/Skeleton3D:Ring_Intermediate_L", "Armature/Skeleton3D:Ring_Metacarpal_L", "Armature/Skeleton3D:Ring_Proximal_L", "Armature/Skeleton3D:Thumb_Distal_L", "Armature/Skeleton3D:Thumb_Metacarpal_L", "Armature/Skeleton3D:Thumb_Proximal_L", "Armature/Skeleton:Little_Distal_L", "Armature/Skeleton:Little_Intermediate_L", "Armature/Skeleton:Little_Proximal_L", "Armature/Skeleton:Middle_Distal_L", "Armature/Skeleton:Middle_Intermediate_L", "Armature/Skeleton:Middle_Proximal_L", "Armature/Skeleton:Ring_Distal_L", "Armature/Skeleton:Ring_Intermediate_L", "Armature/Skeleton:Ring_Proximal_L", "Armature/Skeleton:Thumb_Distal_L", "Armature/Skeleton:Thumb_Proximal_L"]

[sub_resource type="AnimationNodeAnimation" id="AnimationNodeAnimation_3lu40"]
animation = &"Grip 5"

[sub_resource type="AnimationNodeBlend2" id="AnimationNodeBlend2_fcmwg"]
filter_enabled = true
filters = ["Armature/Skeleton3D:Index_Distal_L", "Armature/Skeleton3D:Index_Intermediate_L", "Armature/Skeleton3D:Index_Metacarpal_L", "Armature/Skeleton3D:Index_Proximal_L", "Armature/Skeleton:Index_Distal_L", "Armature/Skeleton:Index_Intermediate_L", "Armature/Skeleton:Index_Proximal_L"]

[sub_resource type="AnimationNodeBlendTree" id="AnimationNodeBlendTree_0abxb"]
graph_offset = Vector2(-536, 11)
nodes/ClosedHand1/node = SubResource("AnimationNodeAnimation_lsx0w")
nodes/ClosedHand1/position = Vector2(-600, 300)
nodes/ClosedHand2/node = SubResource("AnimationNodeAnimation_h6v6h")
nodes/ClosedHand2/position = Vector2(-360, 300)
nodes/Grip/node = SubResource("AnimationNodeBlend2_3mga8")
nodes/Grip/position = Vector2(0, 20)
nodes/OpenHand/node = SubResource("AnimationNodeAnimation_3lu40")
nodes/OpenHand/position = Vector2(-600, 100)
nodes/Trigger/node = SubResource("AnimationNodeBlend2_fcmwg")
nodes/Trigger/position = Vector2(-360, 20)
node_connections = [&"Grip", 0, &"Trigger", &"Grip", 1, &"ClosedHand2", &"Trigger", 0, &"OpenHand", &"Trigger", 1, &"ClosedHand1", &"output", 0, &"Grip"]

[sub_resource type="AnimationNodeAnimation" id="AnimationNodeAnimation_3jt4f"]
animation = &"Grip"

[sub_resource type="AnimationNodeAnimation" id="AnimationNodeAnimation_ksy7r"]
animation = &"Grip"

[sub_resource type="AnimationNodeBlend2" id="AnimationNodeBlend2_d3ww3"]
filter_enabled = true
filters = ["Armature/Skeleton3D:Little_Distal_R", "Armature/Skeleton3D:Little_Intermediate_R", "Armature/Skeleton3D:Little_Metacarpal_R", "Armature/Skeleton3D:Little_Proximal_R", "Armature/Skeleton3D:Middle_Distal_R", "Armature/Skeleton3D:Middle_Intermediate_R", "Armature/Skeleton3D:Middle_Metacarpal_R", "Armature/Skeleton3D:Middle_Proximal_R", "Armature/Skeleton3D:Ring_Distal_R", "Armature/Skeleton3D:Ring_Intermediate_R", "Armature/Skeleton3D:Ring_Metacarpal_R", "Armature/Skeleton3D:Ring_Proximal_R", "Armature/Skeleton3D:Thumb_Distal_R", "Armature/Skeleton3D:Thumb_Metacarpal_R", "Armature/Skeleton3D:Thumb_Proximal_R", "Armature/Skeleton:Little_Distal_R", "Armature/Skeleton:Little_Intermediate_R", "Armature/Skeleton:Little_Proximal_R", "Armature/Skeleton:Middle_Distal_R", "Armature/Skeleton:Middle_Intermediate_R", "Armature/Skeleton:Middle_Proximal_R", "Armature/Skeleton:Ring_Distal_R", "Armature/Skeleton:Ring_Intermediate_R", "Armature/Skeleton:Ring_Proximal_R", "Armature/Skeleton:Thumb_Distal_R", "Armature/Skeleton:Thumb_Proximal_R"]

[sub_resource type="AnimationNodeAnimation" id="AnimationNodeAnimation_fjhay"]
animation = &"Grip 5"

[sub_resource type="AnimationNodeBlend2" id="AnimationNodeBlend2_1ogfo"]
filter_enabled = true
filters = ["Armature/Skeleton3D:Index_Distal_R", "Armature/Skeleton3D:Index_Intermediate_R", "Armature/Skeleton3D:Index_Metacarpal_R", "Armature/Skeleton3D:Index_Proximal_R", "Armature/Skeleton:Index_Distal_R", "Armature/Skeleton:Index_Intermediate_R", "Armature/Skeleton:Index_Proximal_R"]

[sub_resource type="AnimationNodeBlendTree" id="AnimationNodeBlendTree_l1bbw"]
graph_offset = Vector2(-552.664, 107.301)
nodes/ClosedHand1/node = SubResource("AnimationNodeAnimation_3jt4f")
nodes/ClosedHand1/position = Vector2(-600, 300)
nodes/ClosedHand2/node = SubResource("AnimationNodeAnimation_ksy7r")
nodes/ClosedHand2/position = Vector2(-360, 300)
nodes/Grip/node = SubResource("AnimationNodeBlend2_d3ww3")
nodes/Grip/position = Vector2(0, 40)
nodes/OpenHand/node = SubResource("AnimationNodeAnimation_fjhay")
nodes/OpenHand/position = Vector2(-600, 100)
nodes/Trigger/node = SubResource("AnimationNodeBlend2_1ogfo")
nodes/Trigger/position = Vector2(-360, 40)
node_connections = [&"Grip", 0, &"Trigger", &"Grip", 1, &"ClosedHand2", &"Trigger", 0, &"OpenHand", &"Trigger", 1, &"ClosedHand1", &"output", 0, &"Grip"]

[sub_resource type="PlaneMesh" id="PlaneMesh_ks7su"]
size = Vector2(100, 100)

[sub_resource type="StandardMaterial3D" id="StandardMaterial3D_jrdpi"]
albedo_texture = ExtResource("13_df6id")
uv1_scale = Vector3(100, 100, 100)

[sub_resource type="WorldBoundaryShape3D" id="WorldBoundaryShape3D_cvxlx"]

[sub_resource type="SphereShape3D" id="SphereShape3D_ffubk"]

[sub_resource type="SphereMesh" id="SphereMesh_d47sv"]

[sub_resource type="StandardMaterial3D" id="StandardMaterial3D_5r5gs"]
albedo_texture = ExtResource("17_5li2o")
uv1_scale = Vector3(5, 5, 5)

[sub_resource type="Resource" id="Resource_8mkd3"]
script = ExtResource("21_5hlym")
open_pose = ExtResource("20_ki166")
closed_pose = ExtResource("20_ki166")

[sub_resource type="Resource" id="Resource_fprfn"]
script = ExtResource("21_5hlym")
open_pose = ExtResource("23_rsoa4")
closed_pose = ExtResource("23_rsoa4")

[sub_resource type="BoxShape3D" id="BoxShape3D_r6tlj"]
size = Vector3(0.8, 1, 1.5)

[sub_resource type="BoxMesh" id="BoxMesh_vmqwq"]
size = Vector3(0.8, 1, 1.5)

[sub_resource type="CylinderShape3D" id="CylinderShape3D_t8e6r"]
height = 0.15
radius = 0.015

[sub_resource type="StandardMaterial3D" id="StandardMaterial3D_s0l3i"]
albedo_color = Color(0.122252, 0.122252, 0.122252, 1)

[sub_resource type="CylinderMesh" id="CylinderMesh_as0cx"]
material = SubResource("StandardMaterial3D_s0l3i")
top_radius = 0.015
bottom_radius = 0.01
height = 0.15

[sub_resource type="Resource" id="Resource_kkofo"]
script = ExtResource("21_5hlym")
open_pose = ExtResource("26_35s1p")
closed_pose = ExtResource("26_35s1p")

[sub_resource type="Resource" id="Resource_7cahk"]
script = ExtResource("21_5hlym")
open_pose = ExtResource("27_kx3is")
closed_pose = ExtResource("27_kx3is")

[sub_resource type="BoxShape3D" id="BoxShape3D_38uv2"]

[sub_resource type="StandardMaterial3D" id="StandardMaterial3D_ti1yk"]
albedo_color = Color(0, 0, 0, 1)

[sub_resource type="BoxMesh" id="BoxMesh_fsq4u"]
material = SubResource("StandardMaterial3D_ti1yk")
size = Vector3(0.03, 0.01, 0.05)

[sub_resource type="BoxShape3D" id="BoxShape3D_1l72t"]
size = Vector3(0.4, 0.02, 0.3)

[sub_resource type="BoxMesh" id="BoxMesh_apa3j"]
size = Vector3(0.4, 0.02, 0.3)

[node name="SceneBase" instance=ExtResource("1_knv61")]
script = ExtResource("2_3k3ub")

[node name="LeftPhysicsHand" parent="XROrigin3D/LeftHand" index="0" instance=ExtResource("2_k42fc")]

[node name="Skeleton3D" parent="XROrigin3D/LeftHand/LeftPhysicsHand/Hand_low_L/Armature" index="0"]
bones/1/rotation = Quaternion(0.323537, -2.56588e-05, -0.0272204, 0.945824)
bones/2/rotation = Quaternion(-0.0904441, -0.0415175, -0.166293, 0.981042)
bones/3/rotation = Quaternion(-0.0466199, 0.020971, 0.0103276, 0.998639)
bones/5/rotation = Quaternion(-0.00128455, -0.0116081, -0.0168259, 0.99979)
bones/6/rotation = Quaternion(0.102925, -0.00993208, -0.00794416, 0.994608)
bones/7/rotation = Quaternion(-0.012859, -0.0236108, -0.323258, 0.945929)
bones/8/rotation = Quaternion(0.0120575, -0.00929194, -0.247472, 0.968775)
bones/10/rotation = Quaternion(-0.0357539, -0.000400032, 0.00636764, 0.99934)
bones/11/rotation = Quaternion(-0.00264964, -0.00114471, -0.125992, 0.992027)
bones/12/rotation = Quaternion(0.0394225, 0.00193393, -0.228074, 0.972843)
bones/13/rotation = Quaternion(-0.0123395, -0.00881294, -0.280669, 0.959685)
bones/15/rotation = Quaternion(-0.0702656, 0.0101908, -0.0243307, 0.99718)
bones/16/rotation = Quaternion(-0.0320634, -0.00223624, -0.0686366, 0.997124)
bones/17/rotation = Quaternion(0.0253452, 0.00812462, -0.249005, 0.968136)
bones/18/rotation = Quaternion(0.00252232, 0.00788073, -0.243204, 0.96994)
bones/20/rotation = Quaternion(-0.0917369, 0.0203027, -0.010183, 0.995524)
bones/21/rotation = Quaternion(-0.0625182, -0.000225721, -0.115393, 0.991351)
bones/22/rotation = Quaternion(0.0585786, 0.0216483, -0.269905, 0.96086)
bones/23/rotation = Quaternion(0.00687177, -0.00357275, -0.211953, 0.977249)

[node name="BoneRoot" parent="XROrigin3D/LeftHand/LeftPhysicsHand/Hand_low_L/Armature/Skeleton3D" index="1"]
transform = Transform3D(1, -1.83077e-05, 1.5264e-08, 1.52677e-08, 0.00166774, 0.999999, -1.83077e-05, -0.999999, 0.00166774, 3.86425e-08, -1.86975e-05, 0.0271756)

[node name="BoneThumbMetacarpal" parent="XROrigin3D/LeftHand/LeftPhysicsHand/Hand_low_L/Armature/Skeleton3D" index="2"]
transform = Transform3D(0.998519, 0.0514604, -0.0176509, -0.017651, 0.613335, 0.789626, 0.0514604, -0.788145, 0.613335, 0.00999954, 0.0200266, 3.59323e-05)

[node name="BoneThumbProximal" parent="XROrigin3D/LeftHand/LeftPhysicsHand/Hand_low_L/Armature/Skeleton3D" index="3"]
transform = Transform3D(0.921479, 0.383958, -0.0587628, -0.124052, 0.434264, 0.892203, 0.368087, -0.814856, 0.447796, 0.012311, 0.0475754, -0.0353648)

[node name="BoneThumbDistal" parent="XROrigin3D/LeftHand/LeftPhysicsHand/Hand_low_L/Armature/Skeleton3D" index="4"]
transform = Transform3D(0.930159, 0.366844, 0.0151708, -0.154037, 0.352396, 0.923087, 0.333283, -0.860954, 0.384292, 0.028494, 0.0658787, -0.0697092)

[node name="BoneIndexMetacarpal" parent="XROrigin3D/LeftHand/LeftPhysicsHand/Hand_low_L/Armature/Skeleton3D" index="5"]
transform = Transform3D(0.999165, 0.0336562, -0.0231681, 0.0231985, -0.00051113, 0.999731, 0.0336353, -0.999433, -0.00129147, -0.0100005, 0.0224317, 3.59286e-05)

[node name="BoneIndexProximal" parent="XROrigin3D/LeftHand/LeftPhysicsHand/Hand_low_L/Armature/Skeleton3D" index="6"]
transform = Transform3D(0.997821, 0.0419384, -0.0509326, 0.0413169, 0.204661, 0.97796, 0.0514381, -0.977934, 0.202483, -0.00729559, 0.0223907, -0.0802861)

[node name="BoneIndexMiddle" parent="XROrigin3D/LeftHand/LeftPhysicsHand/Hand_low_L/Armature/Skeleton3D" index="7"]
transform = Transform3D(0.759851, 0.644453, -0.0854741, -0.0405881, 0.178251, 0.983148, 0.648829, -0.743577, 0.161601, -0.00569705, 0.0301916, -0.117561)

[node name="BoneIndexDistal" parent="XROrigin3D/LeftHand/LeftPhysicsHand/Hand_low_L/Armature/Skeleton3D" index="8"]
transform = Transform3D(0.356468, 0.927111, -0.115741, -0.109286, 0.164404, 0.98032, 0.927894, -0.336804, 0.159925, 0.0145038, 0.035779, -0.140869)

[node name="BoneMiddleMetacarpal" parent="XROrigin3D/LeftHand/LeftPhysicsHand/Hand_low_L/Armature/Skeleton3D" index="9"]
transform = Transform3D(0.999918, -0.0127165, -0.00125617, 0.000365489, -0.0698022, 0.997561, -0.0127732, -0.99748, -0.0697919, -0.0100005, 0.00355416, 3.59286e-05)

[node name="BoneMiddleProximal" parent="XROrigin3D/LeftHand/LeftPhysicsHand/Hand_low_L/Armature/Skeleton3D" index="10"]
transform = Transform3D(0.971345, 0.237654, -0.00293004, 0.0207339, -0.0724503, 0.997156, 0.236766, -0.968644, -0.0753018, -0.0110237, -0.00206236, -0.0802245)

[node name="BoneMiddleMiddle" parent="XROrigin3D/LeftHand/LeftPhysicsHand/Hand_low_L/Armature/Skeleton3D" index="11"]
transform = Transform3D(0.764922, 0.643161, -0.0351718, 0.0290327, 0.0201225, 0.999376, 0.643468, -0.765466, -0.00328059, -0.000328456, -0.00532286, -0.123817)

[node name="BoneMiddleDistal" parent="XROrigin3D/LeftHand/LeftPhysicsHand/Hand_low_L/Armature/Skeleton3D" index="12"]
transform = Transform3D(0.297115, 0.95453, -0.0243818, 0.0374454, 0.0138673, 0.999202, 0.954107, -0.297791, -0.0316226, 0.0205207, -0.00467056, -0.148631)

[node name="BoneRingMetacarpal" parent="XROrigin3D/LeftHand/LeftPhysicsHand/Hand_low_L/Armature/Skeleton3D" index="13"]
transform = Transform3D(0.998609, 0.047074, 0.0237409, -0.0169882, -0.138981, 0.990149, 0.0499098, -0.989175, -0.137988, -0.0100005, -0.0130734, 3.59304e-05)

[node name="BoneRingProximal" parent="XROrigin3D/LeftHand/LeftPhysicsHand/Hand_low_L/Armature/Skeleton3D" index="14"]
transform = Transform3D(0.982964, 0.181854, 0.0266582, 0.0109494, -0.202722, 0.979175, 0.183471, -0.962202, -0.20126, -0.00651963, -0.0233502, -0.0731075)

[node name="BoneRingMiddle" parent="XROrigin3D/LeftHand/LeftPhysicsHand/Hand_low_L/Armature/Skeleton3D" index="15"]
transform = Transform3D(0.772579, 0.634603, 0.0200164, 0.0794845, -0.127948, 0.98859, 0.629924, -0.762173, -0.149291, 0.000778396, -0.0314857, -0.111722)

[node name="BoneRingDistal" parent="XROrigin3D/LeftHand/LeftPhysicsHand/Hand_low_L/Armature/Skeleton3D" index="16"]
transform = Transform3D(0.381387, 0.924068, 0.025339, 0.114105, -0.0742599, 0.990689, 0.917346, -0.374945, -0.133762, 0.0184188, -0.0350424, -0.132908)

[node name="BonePinkyMetacarpal" parent="XROrigin3D/LeftHand/LeftPhysicsHand/Hand_low_L/Armature/Skeleton3D" index="17"]
transform = Transform3D(0.998969, 0.0165318, 0.0422887, -0.0385953, -0.181426, 0.982647, 0.0239172, -0.983265, -0.180601, -4.58211e-07, -0.0299734, 3.59304e-05)

[node name="BonePinkyProximal" parent="XROrigin3D/LeftHand/LeftPhysicsHand/Hand_low_L/Armature/Skeleton3D" index="18"]
transform = Transform3D(0.969212, 0.239304, 0.0579745, 0.0185535, -0.305761, 0.951928, 0.245527, -0.921544, -0.300787, 0.00108587, -0.0418952, -0.0645756)

[node name="BonePinkyMiddle" parent="XROrigin3D/LeftHand/LeftPhysicsHand/Hand_low_L/Armature/Skeleton3D" index="19"]
transform = Transform3D(0.699331, 0.713816, 0.0374602, 0.103947, -0.153407, 0.982681, 0.707199, -0.683325, -0.181481, 0.00901247, -0.0520231, -0.0951004)

[node name="BonePinkyDistal" parent="XROrigin3D/LeftHand/LeftPhysicsHand/Hand_low_L/Armature/Skeleton3D" index="20"]
transform = Transform3D(0.340891, 0.939844, 0.0220291, 0.162162, -0.081867, 0.983362, 0.926011, -0.331647, -0.180315, 0.0218786, -0.0547881, -0.107417)

[node name="watchmesh" type="MeshInstance3D" parent="XROrigin3D/LeftHand/LeftPhysicsHand/Hand_low_L" index="2"]
transform = Transform3D(1, 0, 0, 0, -4.37114e-08, -1, 0, 1, -4.37114e-08, -0.00511247, 0.00113273, 0.0328232)
mesh = SubResource("CylinderMesh_kedmn")
skeleton = NodePath("../../..")

[node name="Viewport2Din3D" parent="XROrigin3D/LeftHand/LeftPhysicsHand/Hand_low_L/watchmesh" index="0" instance=ExtResource("3_q1isi")]
transform = Transform3D(1.91069e-15, -4.37114e-08, -1, -1, -4.37114e-08, 0, -4.37114e-08, 1, -4.37114e-08, -0.0549042, 0, 0)
screen_size = Vector2(0.063, 0.063)
scene = ExtResource("4_odm27")
viewport_size = Vector2(300, 300)
scene_properties_keys = PackedStringArray()

[node name="AnimationTree" parent="XROrigin3D/LeftHand/LeftPhysicsHand" index="1"]
root_node = NodePath("../Hand_low_L")
tree_root = SubResource("AnimationNodeBlendTree_0abxb")

[node name="MovementDirect" parent="XROrigin3D/LeftHand" index="1" instance=ExtResource("5_2rbyc")]
strafe = true

[node name="FunctionPickup" parent="XROrigin3D/LeftHand" index="2" instance=ExtResource("6_55tu6")]

[node name="RightPhysicsHand" parent="XROrigin3D/RightHand" index="0" instance=ExtResource("7_fya8s")]

[node name="Skeleton3D" parent="XROrigin3D/RightHand/RightPhysicsHand/Hand_low_R/Armature" index="0"]
bones/1/rotation = Quaternion(0.323537, 2.56588e-05, 0.0272204, 0.945824)
bones/2/rotation = Quaternion(-0.0904441, 0.0415175, 0.166293, 0.981042)
bones/3/rotation = Quaternion(-0.0466199, -0.020971, -0.0103276, 0.998639)
bones/5/rotation = Quaternion(-0.00128455, 0.0116081, 0.0168259, 0.99979)
bones/6/rotation = Quaternion(0.102925, 0.00993208, 0.00794419, 0.994608)
bones/7/rotation = Quaternion(-0.012859, 0.0236108, 0.323258, 0.945929)
bones/8/rotation = Quaternion(0.0120575, 0.00929193, 0.247472, 0.968775)
bones/10/rotation = Quaternion(-0.0357539, 0.000400032, -0.00636763, 0.99934)
bones/11/rotation = Quaternion(-0.00264964, 0.00114471, 0.125992, 0.992027)
bones/12/rotation = Quaternion(0.0394225, -0.00193393, 0.228074, 0.972843)
bones/13/rotation = Quaternion(-0.0123395, 0.00881294, 0.280669, 0.959685)
bones/15/rotation = Quaternion(-0.0702656, -0.0101908, 0.0243307, 0.99718)
bones/16/rotation = Quaternion(-0.0320634, 0.00223624, 0.0686366, 0.997124)
bones/17/rotation = Quaternion(0.0253452, -0.00812462, 0.249005, 0.968136)
bones/18/rotation = Quaternion(0.00252233, -0.00788073, 0.243204, 0.96994)
bones/20/rotation = Quaternion(-0.0917369, -0.0203027, 0.010183, 0.995524)
bones/21/rotation = Quaternion(-0.0625182, 0.000225722, 0.115393, 0.991351)
bones/22/rotation = Quaternion(0.0585786, -0.0216483, 0.269905, 0.96086)
bones/23/rotation = Quaternion(0.00687177, 0.00357275, 0.211953, 0.977249)

[node name="BoneRoot" parent="XROrigin3D/RightHand/RightPhysicsHand/Hand_low_R/Armature/Skeleton3D" index="1"]
transform = Transform3D(1, 1.83077e-05, -1.5264e-08, -1.52677e-08, 0.00166774, 0.999999, 1.83077e-05, -0.999999, 0.00166774, -3.86425e-08, -1.86975e-05, 0.0271756)

[node name="BoneThumbMetacarpal" parent="XROrigin3D/RightHand/RightPhysicsHand/Hand_low_R/Armature/Skeleton3D" index="2"]
transform = Transform3D(0.998519, -0.0514604, 0.0176509, 0.017651, 0.613335, 0.789626, -0.0514604, -0.788145, 0.613335, -0.00999954, 0.0200266, 3.59323e-05)

[node name="BoneThumbProximal" parent="XROrigin3D/RightHand/RightPhysicsHand/Hand_low_R/Armature/Skeleton3D" index="3"]
transform = Transform3D(0.921479, -0.383958, 0.0587628, 0.124052, 0.434264, 0.892203, -0.368087, -0.814856, 0.447796, -0.012311, 0.0475754, -0.0353648)

[node name="BoneThumbDistal" parent="XROrigin3D/RightHand/RightPhysicsHand/Hand_low_R/Armature/Skeleton3D" index="4"]
transform = Transform3D(0.930159, -0.366844, -0.0151708, 0.154037, 0.352396, 0.923087, -0.333283, -0.860954, 0.384292, -0.028494, 0.0658787, -0.0697092)

[node name="BoneIndexMetacarpal" parent="XROrigin3D/RightHand/RightPhysicsHand/Hand_low_R/Armature/Skeleton3D" index="5"]
transform = Transform3D(0.999165, -0.0336562, 0.0231681, -0.0231985, -0.00051113, 0.999731, -0.0336353, -0.999433, -0.00129147, 0.0100005, 0.0224317, 3.59286e-05)

[node name="BoneIndexProximal" parent="XROrigin3D/RightHand/RightPhysicsHand/Hand_low_R/Armature/Skeleton3D" index="6"]
transform = Transform3D(0.997821, -0.0419385, 0.0509326, -0.0413169, 0.204661, 0.97796, -0.0514381, -0.977934, 0.202483, 0.00729559, 0.0223907, -0.0802861)

[node name="BoneIndexMiddle" parent="XROrigin3D/RightHand/RightPhysicsHand/Hand_low_R/Armature/Skeleton3D" index="7"]
transform = Transform3D(0.759851, -0.644453, 0.0854741, 0.0405881, 0.178251, 0.983148, -0.648829, -0.743577, 0.161601, 0.00569705, 0.0301916, -0.117561)

[node name="BoneIndexDistal" parent="XROrigin3D/RightHand/RightPhysicsHand/Hand_low_R/Armature/Skeleton3D" index="8"]
transform = Transform3D(0.356467, -0.927111, 0.115741, 0.109286, 0.164404, 0.98032, -0.927894, -0.336803, 0.159925, -0.0145038, 0.035779, -0.140869)

[node name="BoneMiddleMetacarpal" parent="XROrigin3D/RightHand/RightPhysicsHand/Hand_low_R/Armature/Skeleton3D" index="9"]
transform = Transform3D(0.999918, 0.0127165, 0.00125617, -0.000365489, -0.0698022, 0.997561, 0.0127732, -0.99748, -0.0697919, 0.0100005, 0.00355416, 3.59286e-05)

[node name="BoneMiddleProximal" parent="XROrigin3D/RightHand/RightPhysicsHand/Hand_low_R/Armature/Skeleton3D" index="10"]
transform = Transform3D(0.971345, -0.237654, 0.00293004, -0.0207339, -0.0724503, 0.997156, -0.236766, -0.968644, -0.0753018, 0.0110237, -0.00206236, -0.0802245)

[node name="BoneMiddleMiddle" parent="XROrigin3D/RightHand/RightPhysicsHand/Hand_low_R/Armature/Skeleton3D" index="11"]
transform = Transform3D(0.764922, -0.643162, 0.0351718, -0.0290327, 0.0201225, 0.999376, -0.643468, -0.765466, -0.00328059, 0.00032845, -0.00532286, -0.123817)

[node name="BoneMiddleDistal" parent="XROrigin3D/RightHand/RightPhysicsHand/Hand_low_R/Armature/Skeleton3D" index="12"]
transform = Transform3D(0.297115, -0.95453, 0.0243818, -0.0374454, 0.0138673, 0.999202, -0.954107, -0.297791, -0.0316226, -0.0205207, -0.00467055, -0.148631)

[node name="BoneRingMetacarpal" parent="XROrigin3D/RightHand/RightPhysicsHand/Hand_low_R/Armature/Skeleton3D" index="13"]
transform = Transform3D(0.998609, -0.047074, -0.0237409, 0.0169882, -0.138981, 0.990149, -0.0499098, -0.989175, -0.137988, 0.0100005, -0.0130734, 3.59304e-05)

[node name="BoneRingProximal" parent="XROrigin3D/RightHand/RightPhysicsHand/Hand_low_R/Armature/Skeleton3D" index="14"]
transform = Transform3D(0.982964, -0.181854, -0.0266582, -0.0109494, -0.202722, 0.979175, -0.183471, -0.962202, -0.20126, 0.00651963, -0.0233502, -0.0731075)

[node name="BoneRingMiddle" parent="XROrigin3D/RightHand/RightPhysicsHand/Hand_low_R/Armature/Skeleton3D" index="15"]
transform = Transform3D(0.772579, -0.634603, -0.0200164, -0.0794844, -0.127948, 0.98859, -0.629924, -0.762173, -0.149291, -0.000778396, -0.0314857, -0.111722)

[node name="BoneRingDistal" parent="XROrigin3D/RightHand/RightPhysicsHand/Hand_low_R/Armature/Skeleton3D" index="16"]
transform = Transform3D(0.381387, -0.924068, -0.025339, -0.114105, -0.0742599, 0.990689, -0.917346, -0.374945, -0.133762, -0.0184188, -0.0350424, -0.132908)

[node name="BonePinkyMetacarpal" parent="XROrigin3D/RightHand/RightPhysicsHand/Hand_low_R/Armature/Skeleton3D" index="17"]
transform = Transform3D(0.998969, -0.0165318, -0.0422887, 0.0385953, -0.181426, 0.982647, -0.0239172, -0.983265, -0.180601, 4.58211e-07, -0.0299734, 3.59304e-05)

[node name="BonePinkyProximal" parent="XROrigin3D/RightHand/RightPhysicsHand/Hand_low_R/Armature/Skeleton3D" index="18"]
transform = Transform3D(0.969212, -0.239304, -0.0579745, -0.0185535, -0.305761, 0.951928, -0.245527, -0.921544, -0.300787, -0.00108587, -0.0418952, -0.0645756)

[node name="BonePinkyMiddle" parent="XROrigin3D/RightHand/RightPhysicsHand/Hand_low_R/Armature/Skeleton3D" index="19"]
transform = Transform3D(0.699331, -0.713816, -0.0374602, -0.103947, -0.153407, 0.982681, -0.707199, -0.683325, -0.181481, -0.00901247, -0.0520231, -0.0951004)

[node name="BonePinkyDistal" parent="XROrigin3D/RightHand/RightPhysicsHand/Hand_low_R/Armature/Skeleton3D" index="20"]
transform = Transform3D(0.340891, -0.939844, -0.0220291, -0.162162, -0.081867, 0.983362, -0.926011, -0.331647, -0.180315, -0.0218786, -0.0547881, -0.107417)

[node name="BoneAttachment3D" type="BoneAttachment3D" parent="XROrigin3D/RightHand/RightPhysicsHand/Hand_low_R/Armature/Skeleton3D" index="21"]
transform = Transform3D(0.540829, -0.840813, 0.0231736, 0.0826268, 0.0805242, 0.993322, -0.837064, -0.535303, 0.113024, -0.039902, 0.0402828, -0.150096)
bone_name = "Index_Tip_R"
bone_idx = 9

[node name="Poke" parent="XROrigin3D/RightHand/RightPhysicsHand/Hand_low_R/Armature/Skeleton3D/BoneAttachment3D" index="0" instance=ExtResource("8_l4i4i")]

[node name="AnimationTree" parent="XROrigin3D/RightHand/RightPhysicsHand" index="1"]
root_node = NodePath("../Hand_low_R")
tree_root = SubResource("AnimationNodeBlendTree_l1bbw")

[node name="MovementTurn" parent="XROrigin3D/RightHand" index="1" instance=ExtResource("8_mf4j1")]

[node name="FunctionPickup" parent="XROrigin3D/RightHand" index="2" instance=ExtResource("6_55tu6")]

[node name="FunctionPointer" parent="XROrigin3D/RightHand" index="3" instance=ExtResource("9_acua8")]
show_laser = 2
laser_length = 1
show_target = true

[node name="PlayerBody" parent="XROrigin3D" index="3" instance=ExtResource("10_6b5ry")]

[node name="MovementJog" parent="XROrigin3D" index="4" instance=ExtResource("12_t8loh")]

[node name="Floor" type="StaticBody3D" parent="." index="1"]

[node name="MeshInstance3D" type="MeshInstance3D" parent="Floor" index="0"]
mesh = SubResource("PlaneMesh_ks7su")
surface_material_override/0 = SubResource("StandardMaterial3D_jrdpi")

[node name="CollisionShape3D" type="CollisionShape3D" parent="Floor" index="1"]
shape = SubResource("WorldBoundaryShape3D_cvxlx")

[node name="WorldEnvironment" parent="." index="2" instance=ExtResource("14_8tyg2")]

[node name="Viewport2Din3D" parent="." index="3" instance=ExtResource("3_q1isi")]
transform = Transform3D(1, 0, 0, 0, 1, 0, 0, 0, 1, 0, 1.72151, -4.39545)
scene = ExtResource("15_q4b48")
viewport_size = Vector2(1152, 648)
scene_properties_keys = PackedStringArray()

[node name="PickableObject" parent="." index="4" instance=ExtResource("16_60y2q")]
transform = Transform3D(1, 0, 0, 0, 1, 0, 0, 0, 1, 0, 0.41277, -1.75168)

[node name="CollisionShape3D" parent="PickableObject" index="0"]
shape = SubResource("SphereShape3D_ffubk")

[node name="MeshInstance3D" type="MeshInstance3D" parent="PickableObject" index="1"]
mesh = SubResource("SphereMesh_d47sv")
surface_material_override/0 = SubResource("StandardMaterial3D_5r5gs")

[node name="HighlightRing" parent="PickableObject" index="2" instance=ExtResource("18_u2bav")]

[node name="GrabPointHandLeft" parent="PickableObject" index="3" instance=ExtResource("19_plwii")]
transform = Transform3D(1, 0, 0, 0, 1, 0, 0, 0, 1, -0.516634, 0, -0.0887792)
hand_pose = SubResource("Resource_8mkd3")

[node name="GrabPointHandRight" parent="PickableObject" index="4" instance=ExtResource("22_ef1ph")]
transform = Transform3D(1, 0, 0, 0, 1, 0, 0, 0, 1, 0.513772, 0, 0)
hand_pose = SubResource("Resource_fprfn")

[node name="Desk" type="StaticBody3D" parent="." index="5"]
transform = Transform3D(1, 0, 0, 0, 1, 0, 0, 0, 1, -1.2024, 0.454763, -0.419188)

[node name="CollisionShape3D" type="CollisionShape3D" parent="Desk" index="0"]
shape = SubResource("BoxShape3D_r6tlj")

[node name="MeshInstance3D" type="MeshInstance3D" parent="Desk" index="1"]
transform = Transform3D(1, 0, 0, 0, 1, 0, 0, 0, 1, -0.0188498, 0, 0)
mesh = SubResource("BoxMesh_vmqwq")

[node name="PickableStamper" type="RigidBody3D" parent="." index="6"]
transform = Transform3D(1, 0, 0, 0, 1, 0, 0, 0, 1, -0.996688, 1.04032, -0.352406)
script = ExtResource("24_biau2")

[node name="CollisionShape3D" type="CollisionShape3D" parent="PickableStamper" index="0"]
shape = SubResource("CylinderShape3D_t8e6r")

[node name="MeshInstance3D" type="MeshInstance3D" parent="PickableStamper" index="1"]
mesh = SubResource("CylinderMesh_as0cx")

[node name="GrabPointHandLeft" type="Marker3D" parent="PickableStamper" index="2"]
transform = Transform3D(0.121869, 0, 0.992546, 0, 1, 0, -0.992546, 0, 0.121869, -0.0867932, 0.0861453, -0.0236211)
visible = false
script = ExtResource("25_8ehsr")
hand_pose = SubResource("Resource_kkofo")

[node name="GrabPointHandRight" type="Marker3D" parent="PickableStamper" index="3"]
transform = Transform3D(0.121869, 0, 0.992546, 0, 1, 0, -0.992546, 0, 0.121869, -0.088102, 0.0860372, 0.00703987)
visible = false
script = ExtResource("25_8ehsr")
hand = 1
hand_pose = SubResource("Resource_7cahk")

[node name="Area3D" type="Area3D" parent="PickableStamper" index="4"]
transform = Transform3D(1, 0, 0, 0, 1, 0, 0, 0, 1, 0, -0.0799335, 0)
collision_layer = 33

[node name="CollisionShape3D2" type="CollisionShape3D" parent="PickableStamper/Area3D" index="0"]
shape = SubResource("BoxShape3D_38uv2")

[node name="MeshInstance3D2" type="MeshInstance3D" parent="PickableStamper/Area3D" index="1"]
mesh = SubResource("BoxMesh_fsq4u")
skeleton = NodePath("../..")

[node name="Document" type="Area3D" parent="." index="7"]
transform = Transform3D(1, 0, 0, 0, 1, 0, 0, 0, 1, -1.12012, 0.960431, -0.626095)

[node name="CollisionShape3D" type="CollisionShape3D" parent="Document" index="0"]
shape = SubResource("BoxShape3D_1l72t")

[node name="MeshInstance3D" type="MeshInstance3D" parent="Document" index="1"]
transform = Transform3D(1, 0, 0, 0, 1, 0, 0, 0, 1, 0, 0.0118531, 0)
mesh = SubResource("BoxMesh_apa3j")

[connection signal="area_entered" from="Document" to="." method="_on_document_area_entered"]

[editable path="XROrigin3D/LeftHand/LeftPhysicsHand"]
[editable path="XROrigin3D/LeftHand/LeftPhysicsHand/Hand_low_L"]
[editable path="XROrigin3D/RightHand/RightPhysicsHand"]
[editable path="XROrigin3D/RightHand/RightPhysicsHand/Hand_low_R"]
[editable path="PickableObject"]
