[gd_scene load_steps=44 format=3 uid="uid://4ujuqo0mv8m7"]

[ext_resource type="Script" path="res://addons/godot-xr-tools/player/player_body.gd" id="1_78k16"]
[ext_resource type="PackedScene" uid="uid://b8hc2ex21u8xj" path="res://addons/godot-xr-tools/hands/scenes/lowpoly/left_physics_fullglove_low.tscn" id="2_8y6dm"]
[ext_resource type="PackedScene" uid="uid://bl2nuu3qhlb5k" path="res://addons/godot-xr-tools/functions/movement_direct.tscn" id="3_daqwj"]
[ext_resource type="PackedScene" uid="uid://b4ysuy43poobf" path="res://addons/godot-xr-tools/functions/function_pickup.tscn" id="4_bwro8"]
[ext_resource type="PackedScene" uid="uid://clujaf3u776a3" path="res://addons/godot-xr-tools/objects/viewport_2d_in_3d.tscn" id="5_7tsmf"]
[ext_resource type="PackedScene" uid="uid://bvupqtvx1tdg5" path="res://scenes/gui/watchgui.tscn" id="6_m1oe6"]
[ext_resource type="PackedScene" uid="uid://bkdeegb8w3oah" path="res://addons/godot-xr-tools/hands/scenes/lowpoly/right_physics_fullglove_low.tscn" id="7_gswaj"]
[ext_resource type="PackedScene" uid="uid://bjcxf427un2wp" path="res://addons/godot-xr-tools/player/poke/poke.tscn" id="8_bqvlj"]
[ext_resource type="PackedScene" uid="uid://b6bk2pj8vbj28" path="res://addons/godot-xr-tools/functions/movement_turn.tscn" id="9_dnwec"]
[ext_resource type="PackedScene" uid="uid://cqhw276realc" path="res://addons/godot-xr-tools/functions/function_pointer.tscn" id="10_yvs5d"]
[ext_resource type="PackedScene" uid="uid://chcuj3jysipk8" path="res://addons/godot-xr-tools/functions/movement_jog.tscn" id="11_j4jux"]
[ext_resource type="PackedScene" uid="uid://c8l60rnugru40" path="res://addons/godot-xr-tools/objects/pickable.tscn" id="12_odwoi"]
[ext_resource type="Texture2D" uid="uid://dq816vrvijhtp" path="res://addons/kenney_prototype_textures/orange/texture_06.png" id="13_gpbrl"]
[ext_resource type="PackedScene" uid="uid://da2qgxxwwitl6" path="res://addons/godot-xr-tools/objects/highlight/highlight_ring.tscn" id="14_pt7hq"]
[ext_resource type="PackedScene" uid="uid://c25yxb0vt53vc" path="res://addons/godot-xr-tools/objects/grab_points/grab_point_hand_left.tscn" id="15_gap2c"]
[ext_resource type="Animation" uid="uid://cnng6xumhw7cx" path="res://addons/godot-xr-tools/hands/animations/left/Rounded.res" id="16_3hgt5"]
[ext_resource type="Script" path="res://addons/godot-xr-tools/hands/poses/hand_pose_settings.gd" id="17_1wth2"]
[ext_resource type="PackedScene" uid="uid://ctw7nbntd5pcj" path="res://addons/godot-xr-tools/objects/grab_points/grab_point_hand_right.tscn" id="18_rwsy6"]
[ext_resource type="Animation" uid="uid://wcwa3p1qrhwr" path="res://addons/godot-xr-tools/hands/animations/right/Rounded.res" id="19_yic5s"]
[ext_resource type="PackedScene" uid="uid://ckgskydio1veg" path="res://scenes/gui/testgui.tscn" id="20_qctqp"]
[ext_resource type="Texture2D" uid="uid://tgsw361qtcog" path="res://addons/kenney_prototype_textures/dark/texture_01.png" id="21_qoi6c"]
[ext_resource type="PackedScene" uid="uid://clc5dre31iskm" path="res://addons/godot-xr-tools/xr/start_xr.tscn" id="22_8a70g"]
[ext_resource type="PackedScene" uid="uid://bs2jm62cmkbrk" path="res://addons/instant-realistic-light/light_scene.tscn" id="23_le5k5"]
[ext_resource type="PackedScene" uid="uid://cpur7kek3h056" path="res://scenes/ItemTracker.tscn" id="24_fnidq"]

[sub_resource type="CylinderMesh" id="CylinderMesh_3fblo"]
top_radius = 0.05
bottom_radius = 0.05
height = 0.05

[sub_resource type="AnimationNodeAnimation" id="AnimationNodeAnimation_svnvo"]
animation = &"Grip"

[sub_resource type="AnimationNodeAnimation" id="AnimationNodeAnimation_7lr3o"]
animation = &"Grip"

[sub_resource type="AnimationNodeBlend2" id="AnimationNodeBlend2_cl2fa"]
filter_enabled = true
filters = ["Armature/Skeleton3D:Little_Distal_R", "Armature/Skeleton3D:Little_Intermediate_R", "Armature/Skeleton3D:Little_Metacarpal_R", "Armature/Skeleton3D:Little_Proximal_R", "Armature/Skeleton3D:Middle_Distal_R", "Armature/Skeleton3D:Middle_Intermediate_R", "Armature/Skeleton3D:Middle_Metacarpal_R", "Armature/Skeleton3D:Middle_Proximal_R", "Armature/Skeleton3D:Ring_Distal_R", "Armature/Skeleton3D:Ring_Intermediate_R", "Armature/Skeleton3D:Ring_Metacarpal_R", "Armature/Skeleton3D:Ring_Proximal_R", "Armature/Skeleton3D:Thumb_Distal_R", "Armature/Skeleton3D:Thumb_Metacarpal_R", "Armature/Skeleton3D:Thumb_Proximal_R", "Armature/Skeleton:Little_Distal_R", "Armature/Skeleton:Little_Intermediate_R", "Armature/Skeleton:Little_Proximal_R", "Armature/Skeleton:Middle_Distal_R", "Armature/Skeleton:Middle_Intermediate_R", "Armature/Skeleton:Middle_Proximal_R", "Armature/Skeleton:Ring_Distal_R", "Armature/Skeleton:Ring_Intermediate_R", "Armature/Skeleton:Ring_Proximal_R", "Armature/Skeleton:Thumb_Distal_R", "Armature/Skeleton:Thumb_Proximal_R"]

[sub_resource type="AnimationNodeAnimation" id="AnimationNodeAnimation_r51tl"]
animation = &"Grip 5"

[sub_resource type="AnimationNodeBlend2" id="AnimationNodeBlend2_s5kd4"]
filter_enabled = true
filters = ["Armature/Skeleton3D:Index_Distal_R", "Armature/Skeleton3D:Index_Intermediate_R", "Armature/Skeleton3D:Index_Metacarpal_R", "Armature/Skeleton3D:Index_Proximal_R", "Armature/Skeleton:Index_Distal_R", "Armature/Skeleton:Index_Intermediate_R", "Armature/Skeleton:Index_Proximal_R"]

[sub_resource type="AnimationNodeBlendTree" id="AnimationNodeBlendTree_vmgwy"]
graph_offset = Vector2(-552.664, 107.301)
nodes/ClosedHand1/node = SubResource("AnimationNodeAnimation_svnvo")
nodes/ClosedHand1/position = Vector2(-600, 300)
nodes/ClosedHand2/node = SubResource("AnimationNodeAnimation_7lr3o")
nodes/ClosedHand2/position = Vector2(-360, 300)
nodes/Grip/node = SubResource("AnimationNodeBlend2_cl2fa")
nodes/Grip/position = Vector2(0, 40)
nodes/OpenHand/node = SubResource("AnimationNodeAnimation_r51tl")
nodes/OpenHand/position = Vector2(-600, 100)
nodes/Trigger/node = SubResource("AnimationNodeBlend2_s5kd4")
nodes/Trigger/position = Vector2(-360, 40)
node_connections = [&"Grip", 0, &"Trigger", &"Grip", 1, &"ClosedHand2", &"Trigger", 0, &"OpenHand", &"Trigger", 1, &"ClosedHand1", &"output", 0, &"Grip"]

[sub_resource type="PlaneMesh" id="PlaneMesh_00ofs"]
size = Vector2(100, 100)

[sub_resource type="StandardMaterial3D" id="StandardMaterial3D_xrgi4"]
albedo_texture = ExtResource("21_qoi6c")
uv1_scale = Vector3(100, 100, 100)

[sub_resource type="WorldBoundaryShape3D" id="WorldBoundaryShape3D_s0a2v"]

[sub_resource type="PhysicalSkyMaterial" id="PhysicalSkyMaterial_gn88m"]
ground_color = Color(0, 0, 0, 1)

[sub_resource type="Sky" id="Sky_tyhie"]
sky_material = SubResource("PhysicalSkyMaterial_gn88m")
radiance_size = 2

[sub_resource type="Environment" id="Environment_f8w8m"]
background_mode = 2
background_intensity = 100000.0
sky = SubResource("Sky_tyhie")
tonemap_mode = 3
tonemap_white = 8.0
ssao_enabled = true
ssao_detail = 2.0
sdfgi_enabled = true
sdfgi_bounce_feedback = 0.9
glow_enabled = true
glow_normalized = true
glow_bloom = 0.2
volumetric_fog_enabled = true
volumetric_fog_density = 0.01
volumetric_fog_gi_inject = 1.14
volumetric_fog_anisotropy = 0.7
volumetric_fog_sky_affect = 0.295
adjustment_saturation = 1.17

[sub_resource type="CameraAttributesPractical" id="CameraAttributesPractical_qo5hu"]
exposure_multiplier = 3.069
auto_exposure_scale = 0.22
auto_exposure_speed = 0.8
dof_blur_far_distance = 1.44
dof_blur_near_distance = 0.01
auto_exposure_min_sensitivity = 8.01

[sub_resource type="SphereShape3D" id="SphereShape3D_56khj"]

[sub_resource type="SphereMesh" id="SphereMesh_traqq"]

[sub_resource type="StandardMaterial3D" id="StandardMaterial3D_csv8v"]
albedo_texture = ExtResource("13_gpbrl")
uv1_scale = Vector3(5, 5, 5)

[sub_resource type="Resource" id="Resource_upqrg"]
script = ExtResource("17_1wth2")
open_pose = ExtResource("16_3hgt5")
closed_pose = ExtResource("16_3hgt5")

[sub_resource type="Resource" id="Resource_p6n2w"]
script = ExtResource("17_1wth2")
open_pose = ExtResource("19_yic5s")
closed_pose = ExtResource("19_yic5s")

[node name="Main" type="Node3D"]

[node name="XROrigin3D" type="XROrigin3D" parent="."]

[node name="XRCamera3D" type="XRCamera3D" parent="XROrigin3D"]
transform = Transform3D(1, 0, 0, 0, 1, 0, 0, 0, 1, 0, 1.8, 0)

[node name="XRToolsPlayerBody" type="CharacterBody3D" parent="XROrigin3D"]
top_level = true
collision_layer = 524288
collision_mask = 1023
script = ExtResource("1_78k16")

[node name="LeftController" type="XRController3D" parent="XROrigin3D"]
transform = Transform3D(1, 0, 0, 0, 1, 0, 0, 0, 1, -0.375599, 0.762896, 0)
tracker = &"left_hand"
pose = &"aim"

[node name="LeftPhysicsHand" parent="XROrigin3D/LeftController" instance=ExtResource("2_8y6dm")]

[node name="MovementDirect" parent="XROrigin3D/LeftController" instance=ExtResource("3_daqwj")]
strafe = true

[node name="FunctionPickup" parent="XROrigin3D/LeftController" instance=ExtResource("4_bwro8")]

[node name="watchmesh" type="MeshInstance3D" parent="XROrigin3D/LeftController"]
transform = Transform3D(1, 0, 0, 0, -4.37114e-08, -1, 0, 1, -4.37114e-08, -0.0351124, -0.0488673, 0.182823)
mesh = SubResource("CylinderMesh_3fblo")

[node name="Viewport2Din3D" parent="XROrigin3D/LeftController/watchmesh" instance=ExtResource("5_7tsmf")]
transform = Transform3D(1.91069e-15, -4.37114e-08, -1, -1, -4.37114e-08, 0, -4.37114e-08, 1, -4.37114e-08, -0.0549042, 0, 0)
screen_size = Vector2(0.063, 0.063)
scene = ExtResource("6_m1oe6")
viewport_size = Vector2(300, 300)
scene_properties_keys = PackedStringArray()

[node name="RightController" type="XRController3D" parent="XROrigin3D"]
transform = Transform3D(1, 0, 0, 0, 1, 0, 0, 0, 1, 0.369285, 0.762896, 0)
tracker = &"right_hand"
pose = &"aim"

[node name="RightPhysicsHand" parent="XROrigin3D/RightController" instance=ExtResource("7_gswaj")]

[node name="Skeleton3D" parent="XROrigin3D/RightController/RightPhysicsHand/Hand_low_R/Armature" index="0"]
bones/1/rotation = Quaternion(0.323537, 2.56588e-05, 0.0272204, 0.945824)
bones/2/rotation = Quaternion(-0.0904441, 0.0415175, 0.166293, 0.981042)
bones/3/rotation = Quaternion(-0.0466199, -0.020971, -0.0103276, 0.998639)
bones/5/rotation = Quaternion(-0.00128455, 0.0116081, 0.0168259, 0.99979)
bones/6/rotation = Quaternion(0.102925, 0.00993208, 0.00794419, 0.994608)
bones/7/rotation = Quaternion(-0.012859, 0.0236108, 0.323258, 0.945929)
bones/8/rotation = Quaternion(0.0120575, 0.00929193, 0.247472, 0.968775)
bones/10/rotation = Quaternion(-0.0357539, 0.000400032, -0.00636763, 0.99934)
bones/11/rotation = Quaternion(-0.00264964, 0.00114471, 0.125992, 0.992027)
bones/12/rotation = Quaternion(0.0394225, -0.00193393, 0.228074, 0.972843)
bones/13/rotation = Quaternion(-0.0123395, 0.00881294, 0.280669, 0.959685)
bones/15/rotation = Quaternion(-0.0702656, -0.0101908, 0.0243307, 0.99718)
bones/16/rotation = Quaternion(-0.0320634, 0.00223624, 0.0686366, 0.997124)
bones/17/rotation = Quaternion(0.0253452, -0.00812462, 0.249005, 0.968136)
bones/18/rotation = Quaternion(0.00252233, -0.00788073, 0.243204, 0.96994)
bones/20/rotation = Quaternion(-0.0917369, -0.0203027, 0.010183, 0.995524)
bones/21/rotation = Quaternion(-0.0625182, 0.000225722, 0.115393, 0.991351)
bones/22/rotation = Quaternion(0.0585786, -0.0216483, 0.269905, 0.96086)
bones/23/rotation = Quaternion(0.00687177, 0.00357275, 0.211953, 0.977249)

[node name="BoneRoot" parent="XROrigin3D/RightController/RightPhysicsHand/Hand_low_R/Armature/Skeleton3D" index="1"]
transform = Transform3D(1, 1.83077e-05, -1.5264e-08, -1.52677e-08, 0.00166774, 0.999999, 1.83077e-05, -0.999999, 0.00166774, -3.86425e-08, -1.86975e-05, 0.0271756)

[node name="BoneThumbMetacarpal" parent="XROrigin3D/RightController/RightPhysicsHand/Hand_low_R/Armature/Skeleton3D" index="2"]
transform = Transform3D(0.998519, -0.0514604, 0.0176509, 0.017651, 0.613335, 0.789626, -0.0514604, -0.788145, 0.613335, -0.00999954, 0.0200266, 3.59323e-05)

[node name="BoneThumbProximal" parent="XROrigin3D/RightController/RightPhysicsHand/Hand_low_R/Armature/Skeleton3D" index="3"]
transform = Transform3D(0.921479, -0.383958, 0.0587628, 0.124052, 0.434264, 0.892203, -0.368087, -0.814856, 0.447796, -0.012311, 0.0475754, -0.0353648)

[node name="BoneThumbDistal" parent="XROrigin3D/RightController/RightPhysicsHand/Hand_low_R/Armature/Skeleton3D" index="4"]
transform = Transform3D(0.930159, -0.366844, -0.0151708, 0.154037, 0.352396, 0.923087, -0.333283, -0.860954, 0.384292, -0.028494, 0.0658787, -0.0697092)

[node name="BoneIndexMetacarpal" parent="XROrigin3D/RightController/RightPhysicsHand/Hand_low_R/Armature/Skeleton3D" index="5"]
transform = Transform3D(0.999165, -0.0336562, 0.0231681, -0.0231985, -0.00051113, 0.999731, -0.0336353, -0.999433, -0.00129147, 0.0100005, 0.0224317, 3.59286e-05)

[node name="BoneIndexProximal" parent="XROrigin3D/RightController/RightPhysicsHand/Hand_low_R/Armature/Skeleton3D" index="6"]
transform = Transform3D(0.997821, -0.0419385, 0.0509326, -0.0413169, 0.204661, 0.97796, -0.0514381, -0.977934, 0.202483, 0.00729559, 0.0223907, -0.0802861)

[node name="BoneIndexMiddle" parent="XROrigin3D/RightController/RightPhysicsHand/Hand_low_R/Armature/Skeleton3D" index="7"]
transform = Transform3D(0.759851, -0.644453, 0.0854741, 0.0405881, 0.178251, 0.983148, -0.648829, -0.743577, 0.161601, 0.00569705, 0.0301916, -0.117561)

[node name="BoneIndexDistal" parent="XROrigin3D/RightController/RightPhysicsHand/Hand_low_R/Armature/Skeleton3D" index="8"]
transform = Transform3D(0.356467, -0.927111, 0.115741, 0.109286, 0.164404, 0.98032, -0.927894, -0.336803, 0.159925, -0.0145038, 0.035779, -0.140869)

[node name="BoneMiddleMetacarpal" parent="XROrigin3D/RightController/RightPhysicsHand/Hand_low_R/Armature/Skeleton3D" index="9"]
transform = Transform3D(0.999918, 0.0127165, 0.00125617, -0.000365489, -0.0698022, 0.997561, 0.0127732, -0.99748, -0.0697919, 0.0100005, 0.00355416, 3.59286e-05)

[node name="BoneMiddleProximal" parent="XROrigin3D/RightController/RightPhysicsHand/Hand_low_R/Armature/Skeleton3D" index="10"]
transform = Transform3D(0.971345, -0.237654, 0.00293004, -0.0207339, -0.0724503, 0.997156, -0.236766, -0.968644, -0.0753018, 0.0110237, -0.00206236, -0.0802245)

[node name="BoneMiddleMiddle" parent="XROrigin3D/RightController/RightPhysicsHand/Hand_low_R/Armature/Skeleton3D" index="11"]
transform = Transform3D(0.764922, -0.643162, 0.0351718, -0.0290327, 0.0201225, 0.999376, -0.643468, -0.765466, -0.00328059, 0.00032845, -0.00532286, -0.123817)

[node name="BoneMiddleDistal" parent="XROrigin3D/RightController/RightPhysicsHand/Hand_low_R/Armature/Skeleton3D" index="12"]
transform = Transform3D(0.297115, -0.95453, 0.0243818, -0.0374454, 0.0138673, 0.999202, -0.954107, -0.297791, -0.0316226, -0.0205207, -0.00467055, -0.148631)

[node name="BoneRingMetacarpal" parent="XROrigin3D/RightController/RightPhysicsHand/Hand_low_R/Armature/Skeleton3D" index="13"]
transform = Transform3D(0.998609, -0.047074, -0.0237409, 0.0169882, -0.138981, 0.990149, -0.0499098, -0.989175, -0.137988, 0.0100005, -0.0130734, 3.59304e-05)

[node name="BoneRingProximal" parent="XROrigin3D/RightController/RightPhysicsHand/Hand_low_R/Armature/Skeleton3D" index="14"]
transform = Transform3D(0.982964, -0.181854, -0.0266582, -0.0109494, -0.202722, 0.979175, -0.183471, -0.962202, -0.20126, 0.00651963, -0.0233502, -0.0731075)

[node name="BoneRingMiddle" parent="XROrigin3D/RightController/RightPhysicsHand/Hand_low_R/Armature/Skeleton3D" index="15"]
transform = Transform3D(0.772579, -0.634603, -0.0200164, -0.0794844, -0.127948, 0.98859, -0.629924, -0.762173, -0.149291, -0.000778396, -0.0314857, -0.111722)

[node name="BoneRingDistal" parent="XROrigin3D/RightController/RightPhysicsHand/Hand_low_R/Armature/Skeleton3D" index="16"]
transform = Transform3D(0.381387, -0.924068, -0.025339, -0.114105, -0.0742599, 0.990689, -0.917346, -0.374945, -0.133762, -0.0184188, -0.0350424, -0.132908)

[node name="BonePinkyMetacarpal" parent="XROrigin3D/RightController/RightPhysicsHand/Hand_low_R/Armature/Skeleton3D" index="17"]
transform = Transform3D(0.998969, -0.0165318, -0.0422887, 0.0385953, -0.181426, 0.982647, -0.0239172, -0.983265, -0.180601, 4.58211e-07, -0.0299734, 3.59304e-05)

[node name="BonePinkyProximal" parent="XROrigin3D/RightController/RightPhysicsHand/Hand_low_R/Armature/Skeleton3D" index="18"]
transform = Transform3D(0.969212, -0.239304, -0.0579745, -0.0185535, -0.305761, 0.951928, -0.245527, -0.921544, -0.300787, -0.00108587, -0.0418952, -0.0645756)

[node name="BonePinkyMiddle" parent="XROrigin3D/RightController/RightPhysicsHand/Hand_low_R/Armature/Skeleton3D" index="19"]
transform = Transform3D(0.699331, -0.713816, -0.0374602, -0.103947, -0.153407, 0.982681, -0.707199, -0.683325, -0.181481, -0.00901247, -0.0520231, -0.0951004)

[node name="BonePinkyDistal" parent="XROrigin3D/RightController/RightPhysicsHand/Hand_low_R/Armature/Skeleton3D" index="20"]
transform = Transform3D(0.340891, -0.939844, -0.0220291, -0.162162, -0.081867, 0.983362, -0.926011, -0.331647, -0.180315, -0.0218786, -0.0547881, -0.107417)

[node name="BoneAttachment3D" type="BoneAttachment3D" parent="XROrigin3D/RightController/RightPhysicsHand/Hand_low_R/Armature/Skeleton3D" index="21"]
transform = Transform3D(0.540829, -0.840813, 0.0231736, 0.0826268, 0.0805242, 0.993322, -0.837064, -0.535303, 0.113024, -0.039902, 0.0402828, -0.150096)
bone_name = "Index_Tip_R"
bone_idx = 9

[node name="Poke" parent="XROrigin3D/RightController/RightPhysicsHand/Hand_low_R/Armature/Skeleton3D/BoneAttachment3D" instance=ExtResource("8_bqvlj")]

[node name="AnimationTree" parent="XROrigin3D/RightController/RightPhysicsHand" index="1"]
root_node = NodePath("../Hand_low_R")
tree_root = SubResource("AnimationNodeBlendTree_vmgwy")

[node name="MovementTurn" parent="XROrigin3D/RightController" instance=ExtResource("9_dnwec")]

[node name="FunctionPickup" parent="XROrigin3D/RightController" instance=ExtResource("4_bwro8")]

[node name="FunctionPointer" parent="XROrigin3D/RightController" instance=ExtResource("10_yvs5d")]
show_laser = 2
laser_length = 1
show_target = true

[node name="MovementJog" parent="XROrigin3D" instance=ExtResource("11_j4jux")]

[node name="Viewport2Din3D" parent="." instance=ExtResource("5_7tsmf")]
transform = Transform3D(1, 0, 0, 0, 1, 0, 0, 0, 1, 0, 1.72151, -4.39545)
scene = ExtResource("20_qctqp")
viewport_size = Vector2(1152, 648)
scene_properties_keys = PackedStringArray()

[node name="Floor" type="StaticBody3D" parent="."]

[node name="MeshInstance3D" type="MeshInstance3D" parent="Floor"]
mesh = SubResource("PlaneMesh_00ofs")
surface_material_override/0 = SubResource("StandardMaterial3D_xrgi4")

[node name="CollisionShape3D" type="CollisionShape3D" parent="Floor"]
shape = SubResource("WorldBoundaryShape3D_s0a2v")

[node name="StartXR" parent="." instance=ExtResource("22_8a70g")]

[node name="WorldEnvironment" parent="." instance=ExtResource("23_le5k5")]
environment = SubResource("Environment_f8w8m")
camera_attributes = SubResource("CameraAttributesPractical_qo5hu")

[node name="ItemTracker" parent="." instance=ExtResource("24_fnidq")]

[node name="PickableObject" parent="." instance=ExtResource("12_odwoi")]
transform = Transform3D(1, 0, 0, 0, 1, 0, 0, 0, 1, 0, 0.41277, -1.75168)

[node name="CollisionShape3D" parent="PickableObject" index="0"]
shape = SubResource("SphereShape3D_56khj")

[node name="MeshInstance3D" type="MeshInstance3D" parent="PickableObject"]
mesh = SubResource("SphereMesh_traqq")
surface_material_override/0 = SubResource("StandardMaterial3D_csv8v")

[node name="HighlightRing" parent="PickableObject" instance=ExtResource("14_pt7hq")]

[node name="GrabPointHandLeft" parent="PickableObject" instance=ExtResource("15_gap2c")]
transform = Transform3D(1, 0, 0, 0, 1, 0, 0, 0, 1, -0.516634, 0, -0.0887792)
hand_pose = SubResource("Resource_upqrg")

[node name="GrabPointHandRight" parent="PickableObject" instance=ExtResource("18_rwsy6")]
transform = Transform3D(1, 0, 0, 0, 1, 0, 0, 0, 1, 0.513772, 0, 0)
hand_pose = SubResource("Resource_p6n2w")

[editable path="XROrigin3D/RightController/RightPhysicsHand"]
[editable path="XROrigin3D/RightController/RightPhysicsHand/Hand_low_R"]
[editable path="PickableObject"]
